lat	long	g/m^2		0.00003	0.00004	0.00006	0.00009	0.00012	0.00017	0.00024	0.00035	0.00049	0.00069	0.00098	0.00138	0.00195	0.00276	0.0039	0.00552	0.00781	0.01105	0.01563	0.0221	0.03125	0.04419	0.0625	0.08839	0.125	0.17678	0.25	0.35355	0.5	0.7071	1	1.41421	2	2.82843	4
-44.30530000	-69.39721667	0.1994		0	0	0	0	0	0	0	0	0	0.182058	0.541892	0.743116	0.974675	1.214976	1.478724	1.938187	2.805415	4.405664	7.034376	10.557123	13.933383	15.419301	13.961462	10.224192	6.109938	3.242473	2.03002	1.730687	1.266904	0.205437	0	0	0	0	0
-43.94766667	-70.34218333	1.994		0	0	0	0	0	0	0	0	0	0.251082	0.514294	0.707903	0.979436	1.311977	1.696642	2.253059	3.025689	3.977023	5.032092	6.374714	8.449007	11.2773	13.742757	13.969644	11.285827	7.284505	4.177489	2.442705	1.172552	0.074303	0	0	0	0	0
-43.35641667	-71.50460000	4.985		0	0	0	0	0	0	0	0	0	0.317241	0.733051	1.073349	1.549836	2.170191	2.922064	3.92848	5.188779	6.674706	8.235657	9.619722	10.499745	10.677075	10.333636	9.512356	7.788891	5.065285	2.343173	0.731976	0.247752	0.229478	0.142711	0.014845	0	0	0
-43.43243333	-71.55693333	8.973		0	0	0	0	0	0	0	0	0	0.190689	0.61238	0.913456	1.300787	1.7211	2.160495	2.823257	3.895965	5.49046	7.435426	9.264941	10.417341	10.636948	10.321424	9.930148	9.181052	7.335653	4.468407	1.732126	0.167946	0	0	0	0	0	0
-43.50830000	-71.43958333	1.994		0	0	0	0	0	0	0	0	0	0.200481	0.665897	1.039364	1.56951	2.214504	2.90521	3.728936	4.674837	5.720514	6.791225	7.89027	9.058382	10.159815	10.779486	10.283816	8.510041	6.16499	4.06927	2.361716	1.016884	0.194852	0	0	0	0	0
-43.50665000	-71.41840000	4.985		0	0	0	0	0	0	0	0	0	0.204477	0.650487	0.953133	1.341237	1.804524	2.393853	3.316526	4.608273	6.156519	7.7236	9.143169	10.354278	11.240124	11.520804	10.635334	8.307254	5.218691	2.594158	1.024432	0.370767	0.185595	0.153862	0.098903	0	0	0
-43.48838333	-71.30835000	10.967		0	0	0	0	0	0	0	0	0	0.186873	0.610909	0.926525	1.343456	1.815426	2.306933	2.953491	3.838319	5.015906	6.399413	7.848884	9.332944	10.974807	12.683853	13.330271	11.310904	6.754938	2.247797	0.118351	0	0	0	0	0	0	0
-43.49676667	-71.24260000	7.976		0	0	0	0	0	0	0	0	0	0.173392	0.562474	0.834859	1.183446	1.585604	2.060893	2.774598	3.772232	4.989207	6.252846	7.514706	9.013124	11.070096	13.395439	14.298767	11.87584	6.690689	1.897566	0.054221	0	0	0	0	0	0	0
-43.52760000	-71.20406667	9.4715		0	0	0	0	0	0	0	0	0	0.198698	0.609006	0.855719	1.198105	1.706261	2.441084	3.490177	4.743902	6.043192	7.230405	8.313672	9.493021	10.948541	12.39825	12.577597	10.166955	5.729397	1.754334	0.101685	0	0	0	0	0	0	0
-43.56108333	-71.16980000	7.976		0	0	0	0	0	0	0	0	0	0.211462	0.700629	1.087174	1.639928	2.328091	3.090198	4.013185	5.054685	6.145054	7.172064	8.161682	9.283483	10.618447	11.828468	11.814858	9.528577	5.473923	1.744423	0.103669	0	0	0	0	0	0	0
-43.59438333	-71.11243333	5.982		0	0	0	0	0	0	0	0	0	0.210712	0.748273	1.220111	1.873595	2.62438	3.364045	4.186829	5.086297	6.039165	6.951484	7.845282	8.900284	10.25436	11.61993	11.828873	9.665835	5.595371	1.869074	0.116099	0	0	0	0	0	0	0
-43.60860000	-71.05630000	3.988		0	0	0	0	0	0	0	0	0	0.287995	0.71457	1.096474	1.621318	2.258581	2.965854	3.844484	4.837486	5.835394	6.73739	7.716201	9.174254	11.226929	13.057517	12.86197	9.618834	4.82703	1.264785	0.052935	0	0	0	0	0	0	0
-43.61855000	-70.97225000	2.991		0	0	0	0	0	0	0	0	0	0.317241	0.733051	1.073349	1.549836	2.170191	2.922064	3.92848	5.188779	6.674706	8.235657	9.619722	10.499745	10.677075	10.333636	9.512356	7.788891	5.065285	2.343173	0.731976	0.247752	0.229478	0.142711	0.014845	0	0	0
-43.58548333	-70.93061667	1.4955		0	0	0	0	0	0	0	0	0	0.198464	0.640921	0.976619	1.439749	1.986956	2.571508	3.311125	4.223175	5.261324	6.316518	7.481779	9.074663	11.110852	12.691968	12.215958	9.17839	5.270411	2.674054	1.658508	1.135831	0.490877	0.090349	0	0	0	0
-43.55873333	-70.88626667	0.997		0	0	0	0	0	0	0	0	0	0.194636	0.633711	0.966258	1.402632	1.885611	2.365349	2.947842	3.666166	4.57239	5.764969	7.476149	9.833293	12.354027	13.791346	12.780496	9.342287	5.300214	2.568183	1.326912	0.690918	0.136611	0	0	0	0	0
-43.52846667	-70.79483333	1.994		0	0	0	0	0	0	0	0	0	0.135281	0.350354	0.431708	0.533498	0.649973	0.764202	0.935641	1.285631	2.069146	3.61061	6.109941	9.379795	12.735981	15.181156	15.554704	13.22219	9.022161	4.92516	2.206011	0.794944	0.101914	0	0	0	0	0
-43.64008333	-70.84011667	1.994		0	0	0	0	0	0	0	0	0	0.127282	0.367729	0.477031	0.567414	0.624271	0.696174	0.920757	1.390677	2.192472	3.554941	5.968798	9.786398	14.248638	17.118223	16.104174	11.454388	6.215195	3.193684	2.284757	1.778816	0.852055	0.076125	0	0	0	0
-43.79678333	-70.93591667	1.74475		0	0	0	0	0	0	0	0	0	0.162033	0.524779	0.775571	1.089258	1.43854	1.832067	2.429443	3.344087	4.65462	6.295317	8.045794	9.561046	10.521803	10.897757	10.670933	9.529076	7.331823	4.837972	3.018059	1.915562	0.980962	0.143497	0	0	0	0
-43.99435000	-70.82703333	0.4985		0	0	0	0	0	0	0	0	0	0.211761	0.683	0.983007	1.286186	1.514763	1.797389	2.660819	4.61432	7.714728	11.139041	13.521888	13.89657	12.263343	9.461162	6.465048	4.123305	2.859689	2.293999	1.661038	0.778051	0.07089	0	0	0	0	0
-44.04570000	-70.62965000	1.4955		0	0	0	0	0	0	0	0	0	0.18488	0.618478	0.946612	1.379337	1.879076	2.409113	3.081194	3.952051	5.113837	6.609773	8.408013	10.29576	11.857069	12.659532	12.142932	9.797131	5.984894	2.346837	0.333482	0	0	0	0	0	0	0
-44.17726667	-70.47310000	0.997		0	0	0	0	0	0	0	0	0	0.060853	0.204111	0.22226	0.21089	0.223245	0.354333	0.571959	0.562729	0.136674	0.228918	2.797311	8.708129	15.504766	18.590682	16.15869	11.122836	7.369273	6.015668	5.346246	3.771589	1.680378	0.158458	0	0	0	0
-41.30223333	-69.29630000	1.24625		0	0	0	0	0	0	0	0	0.005224	0.351917	0.636101	0.801793	1.031132	1.319094	1.67785	2.337795	3.605198	5.701402	8.321395	10.51096	11.232426	10.380655	9.226637	8.946862	8.916191	7.438883	4.370759	1.523737	0.293118	0.314618	0.467924	0.407007	0.181325	0	0
-41.30150000	-69.11641667	0.997		0	0	0	0	0	0	0	0	0	0.346892	0.715158	1.003747	1.416703	1.940379	2.550851	3.429347	4.746627	6.593533	8.623869	9.991323	9.843176	8.323686	7.090929	7.64455	9.080718	8.761856	5.751208	2.072979	0.07247	0	0	0	0	0	0
-41.16575000	-70.17701667	0.1994		0	0	0	0	0	0	0	0	0	0.202901	0.432668	0.540007	0.672163	0.827443	0.999644	1.287011	1.875007	3.158046	5.622355	9.365263	13.516049	16.324679	16.313481	13.270572	8.459034	3.979037	1.476773	0.801241	0.656418	0.220207	0	0	0	0	0
-41.27805000	-68.94480000	0.7976		0	0	0	0	0	0	0	0	0	0.230923	0.462929	0.599147	0.741976	0.816153	0.820709	1.101276	2.272339	4.819124	8.338858	11.287639	11.998059	10.395456	8.658987	8.907277	10.279571	9.762566	6.283293	2.15745	0.066268	0	0	0	0	0	0
-41.26928333	-68.76850000	0.5982		0	0	0	0	0	0	0	0	0	0.244359	0.530321	0.760278	1.086369	1.488446	1.934413	2.535576	3.378995	4.495347	5.698463	6.669453	7.181281	7.359543	7.76121	8.726564	9.767908	9.946817	8.84484	6.659237	3.813418	1.117159	0	0	0	0	0
-41.22246667	-68.62508333	0.6979		0	0	0	0	0	0	0	0	0	0.278027	0.526515	0.67001	0.862632	1.114264	1.423708	1.93906	2.909741	4.657971	7.197728	9.882527	11.603999	11.713457	10.820632	9.915088	8.97598	7.252915	4.793463	2.490315	0.902079	0.069889	0	0	0	0	0
-40.80098333	-65.93660000	0.1994		0	0	0	0	0	0	0	0	0	0.285586	0.518392	0.643963	0.799474	0.940017	1.000037	1.146546	1.856555	3.852683	7.465017	11.89734	15.378844	16.334544	14.574066	11.003829	6.822843	3.243946	1.196628	0.539807	0.381655	0.11823	0	0	0	0	0
-41.14653333	-68.48915000	0.5982		0	0	0	0	0	0	0	0	0	0.303445	0.61803	0.84687	1.202806	1.697968	2.288293	3.092548	4.274911	6.029986	8.221714	10.199576	11.120959	10.780629	10.058601	9.623656	8.699633	6.285074	3.185696	1.082397	0.316896	0.070312	0	0	0	0	0
-40.85060000	-65.66500000	0.1994		0	0	0	0	0	0	0	0	0	0.188532	0.375686	0.442582	0.52409	0.637116	0.760695	0.894374	1.10977	1.80302	3.709013	7.351952	12.181009	16.383349	17.986496	16.048559	11.182233	5.545958	1.741641	0.446114	0.34628	0.26341	0.07812	0	0	0	0
-41.32335000	-69.50258333	0.997		0	0	0	0	0	0	0	0	0	0.290413	0.624168	0.892905	1.250629	1.662671	2.075488	2.588746	3.317387	4.448473	6.053317	7.911155	9.537825	10.641579	11.491722	12.064544	11.279871	8.259071	4.185942	1.236162	0.156334	0.031599	0	0	0	0	0
-40.82458333	-65.37493333	0.1994		0	0	0	0	0	0	0	0	0	0.18164	0.32869	0.359463	0.385241	0.448916	0.53819	0.592022	0.618925	1.084994	3.229287	8.412684	15.733939	21.050592	20.433513	14.468015	7.689618	3.426607	1.017662	0	0	0	0	0	0	0	0
-40.87328333	-68.10541667	0.4985		0	0	0	0	0	0	0	0	0	0.094215	0.253409	0.3293	0.41543	0.485646	0.53648	0.676652	1.036285	1.66095	2.454936	3.491189	5.452376	9.275307	14.604264	18.60266	17.943686	12.632742	6.419494	2.497556	0.912424	0.225	0	0	0	0	0
-41.27760000	-69.46316667	0.997		0	0	0	0	0	0	0	0	0	0.311285	0.63741	0.890051	1.233905	1.640109	2.055296	2.566365	3.276492	4.415659	6.19287	8.513858	10.760773	12.151202	12.486113	11.886958	10.067849	6.82771	3.2337	0.820968	0.031427	0	0	0	0	0	0
-41.95980000	-71.09966667	0.997		0	0	0	0	0	0	0	0	0	0.15313	0.44207	0.59703	0.77795	0.945734	1.110504	1.492545	2.419684	4.215532	6.820216	9.484129	10.995892	10.460668	8.141036	5.456675	4.376539	6.011839	8.805659	9.259832	6.121905	1.91143	0	0	0	0	0
-41.21801667	-69.38768333	0.7976		0	0	0	0	0	0	0	0	0	0.260306	0.49408	0.660403	0.897442	1.191152	1.477335	1.772286	2.143675	2.861305	4.295968	6.590901	9.319927	11.737075	13.452189	14.112241	12.821085	9.195146	4.768059	1.644969	0.304455	0	0	0	0	0	0
-40.94803333	-67.95686667	0.4985		0	0	0	0	0	0	0	0	0	0.254803	0.530606	0.748414	1.068078	1.470436	1.89807	2.409545	3.06364	3.984571	5.232635	6.721606	8.206978	9.498211	10.68038	11.545641	11.193896	9.08703	6.184095	3.730174	1.918331	0.57286	0	0	0	0	0
-42.18290000	-71.16121667	0.997		0	0	0	0	0	0	0	0	0	0.256555	0.695368	1.05296	1.538881	2.136438	2.857211	3.870041	5.159277	6.561247	7.775429	8.57985	8.864694	8.51432	7.413919	5.497295	3.329841	2.464689	4.100858	6.761062	7.147164	4.383257	1.026734	0.01291	0	0	0
-41.90098333	-70.99693333	0.997		0	0	0	0	0	0	0	0	0	0.116343	0.350858	0.491491	0.658517	0.829166	1.036798	1.466716	2.295424	3.5884	5.152485	6.571676	7.341231	6.976033	5.348284	3.313076	3.195971	7.137513	13.277438	15.647822	11.218274	3.921648	0.064835	0	0	0	0
-41.06470000	-67.89941667	0.2991		0	0	0	0	0	0	0	0	0	0.274741	0.531923	0.706606	0.946987	1.25074	1.596435	2.066783	2.746111	3.814106	5.464482	7.73332	10.275837	12.419834	13.599308	13.369378	11.305337	7.544194	3.504895	0.830781	0.018202	0	0	0	0	0	0
-41.15376667	-69.31895000	0.5982		0	0	0	0	0	0	0	0	0	0.043723	0.247291	0.348107	0.485261	0.627322	0.735121	0.856183	1.072463	1.466238	2.009773	2.6797	3.920414	6.923954	12.532937	18.773131	20.859103	16.123056	8.021528	2.14445	0.130246	0	0	0	0	0	0
-41.81060000	-70.81235000	2.4925		0	0	0	0	0	0	0	0	0	0	0.121194	0.231038	0.317799	0.413368	0.512148	0.644588	0.851685	1.24041	1.954202	3.013497	4.127641	4.866282	5.364374	6.66468	9.733877	13.718015	15.869947	14.220486	9.726219	4.882737	1.435814	0.09	0	0	0
-41.06456667	-69.31895000	0.4985		0	0	0	0	0	0	0	0	0	0.124559	0.344247	0.484377	0.684076	0.903244	1.081736	1.269935	1.55639	2.021423	2.559298	2.967837	3.500892	5.409483	10.084127	16.321845	19.57038	16.498569	9.532589	3.738017	1.082335	0.26464	0	0	0	0	0
-41.28413333	-67.91543333	0.1994		0	0	0	0	0	0	0	0	0	0.316862	0.645262	0.882907	1.221144	1.655987	2.14852	2.809381	3.788944	5.385842	7.813084	10.772955	13.15942	13.593965	11.774623	8.794625	6.034089	4.052341	2.679738	1.598554	0.72543	0.146328	0	0	0	0	0
-41.98146667	-71.21941667	0.997		0	0	0	0	0	0	0	0	0	0.019979	0.243705	0.331571	0.451729	0.600982	0.790503	1.086353	1.538758	2.210559	3.152863	4.330437	5.411855	5.67354	4.621121	3.222069	4.288386	9.794293	16.734432	18.420226	12.569729	4.369195	0.137712	0	0	0	0
-41.34023333	-67.91190000	0.1994		0	0	0	0	0	0	0	0	0	0.221362	0.42482	0.534363	0.680595	0.875917	1.08274	1.276612	1.490263	2.154809	4.167939	8.172646	13.27202	16.852331	16.676475	13.049337	8.427828	4.975218	3.067006	1.835904	0.723815	0.037999	0	0	0	0	0
-40.88855000	-69.29798333	0.1994		0	0	0	0	0	0	0	0	0	0.281243	0.549195	0.739785	1.00695	1.29918	1.548465	1.909476	2.674134	4.227604	6.749488	9.954601	13.035282	14.868858	14.552455	11.826108	7.612551	3.789368	1.701674	0.989854	0.588111	0.09562	0	0	0	0	0
-40.73803333	-67.91618333	0.4985		0	0	0	0	0	0	0	0	0	0.325004	0.666164	0.93339	1.286516	1.694807	2.112667	2.624586	3.259354	4.077057	5.245875	7.206516	10.324836	13.984201	16.194735	14.770473	9.790876	4.181554	0.945473	0.177527	0.162029	0.03636	0	0	0	0	0
-42.05628333	-71.16295000	2.991		0	0	0	0	0	0	0	0	0	0	0.139991	0.290244	0.412963	0.53619	0.681617	0.92811	1.313594	1.835706	2.480832	3.290346	4.230457	4.886132	4.552959	3.262453	3.119243	7.252959	15.182705	20.356632	16.932468	7.674644	0.639754	0	0	0	0
-42.02561667	-70.71780000	0.4985		0	0	0	0	0	0	0	0	0	0.145365	0.477893	0.734325	1.083918	1.476277	1.859727	2.343532	3.044089	4.105475	5.537784	7.112069	8.36535	8.844946	8.48356	7.586376	6.805684	6.928303	7.855251	7.938845	5.924983	2.815949	0.530301	0	0	0	0
-41.84371667	-70.89611667	1.994		0	0	0	0	0	0	0	0	0	0.274291	0.556841	0.750356	0.993504	1.284492	1.675743	2.40655	3.670234	5.472543	7.410777	8.797128	9.057627	8.088137	6.433144	5.080037	5.177605	7.138667	9.364743	9.07236	5.66549	1.629731	0	0	0	0	0
-41.80370000	-70.79541667	2.991		0	0	0	0	0	0	0	0	0	0.009463	0.169095	0.24584	0.343827	0.461557	0.588399	0.768411	1.049884	1.494917	2.140585	2.955907	3.793295	4.463567	5.0583	6.138061	8.385691	11.647473	14.358681	14.537414	11.602761	6.900283	2.61488	0.271708	0	0	0
-41.70338333	-70.75898333	1.994		0	0	0	0	0	0	0	0	0	0.293475	0.619559	0.86011	1.18297	1.613813	2.216011	3.194364	4.608266	6.317973	7.886105	8.773218	8.60107	7.375625	5.771679	5.008892	6.093719	8.438934	9.541434	7.493082	3.550799	0.558899	0	0	0	0	0
-41.56801667	-70.68453333	1.4955		0	0	0	0	0	0	0	0	0	0.153379	0.459771	0.63907	0.867703	1.12707	1.415817	1.897032	2.801575	4.401373	6.689002	9.031753	10.30918	9.922833	8.931697	9.124839	10.453064	10.48126	7.56855	3.291503	0.433527	0	0	0	0	0	0
-41.47335000	-69.42181667	1.74475		0	0	0	0	0	0	0	0	0	0.156132	0.451316	0.635973	0.902675	1.23629	1.59494	2.060837	2.76175	3.888765	5.425577	6.90356	7.554532	7.118547	6.667427	7.790804	10.480748	12.359079	11.069261	7.126109	3.115631	0.700049	0	0	0	0	0
-41.40013333	-69.43415000	1.24625		0	0	0	0	0	0	0	0	0	0.292373	0.610134	0.867279	1.234038	1.68806	2.172065	2.791364	3.691789	5.072272	6.823017	8.261243	8.475424	7.453804	6.823736	8.25565	10.850976	11.329516	8.081605	3.688101	1.215246	0.322308	0	0	0	0	0
-41.05778333	-68.36965000	0.6979		0	0	0	0	0	0	0	0	0	0.275608	0.555712	0.77647	1.089453	1.462668	1.828905	2.252346	2.788079	3.545264	4.686648	6.493407	9.164079	12.357816	14.92367	15.087136	11.956451	7.02755	2.944788	0.71729	0.06666	0	0	0	0	0	0
-42.29530000	-71.28385000	0.1994		0	0	0	0	0	0	0	0	0	0.155107	0.495587	0.718287	0.988153	1.292183	1.693603	2.415406	3.575801	5.114926	6.733817	8.101653	9.057761	9.515832	9.265673	7.955707	5.783846	4.028561	4.159253	5.810611	6.57546	4.793235	1.698094	0.071444	0	0	0
-42.78953333	-70.97978333	1.994		0	0	0	0	0	0	0	0	0	0.101271	0.285587	0.380971	0.486835	0.570915	0.58471	0.586211	0.809178	1.71711	3.681445	6.434758	9.018542	10.610429	11.483889	12.497801	13.489268	12.778517	9.234269	4.361022	0.880964	0.00631	0	0	0	0	0
-42.77520000	-70.82818333	1.4955		0	0	0	0	0	0	0	0	0	0.241911	0.644448	0.975599	1.420646	1.923694	2.466243	3.272054	4.517466	6.212827	7.971284	9.153053	9.282164	8.498192	7.694883	7.659707	8.083146	7.663711	5.661249	2.955845	0.975708	0.69498	0.912127	0.761057	0.358006	0	0
-42.32121667	-71.13335000	2.4925		0	0	0	0	0	0	0	0	0	0.315656	0.791839	1.21493	1.786457	2.456499	3.214945	4.311587	5.892589	7.929155	9.980643	11.32791	11.314723	9.832348	7.663935	5.85119	4.852104	4.338218	3.699085	2.499485	0.726701	0	0	0	0	0	0
-42.70743333	-70.68876667	0.4985		0	0	0	0	0	0	0	0	0	0.285012	0.690839	1.052444	1.541015	2.087777	2.639528	3.397319	4.559865	6.257814	8.240464	9.83126	10.30425	9.595566	8.653802	8.327122	8.157361	6.958139	4.583681	2.157435	0.639692	0.039613	0	0	0	0	0
-42.61471667	-70.47908333	0.6979		0	0	0	0	0	0	0	0	0	0.36973	0.834686	1.196015	1.680787	2.335489	3.236164	4.560505	6.204194	7.919423	9.393409	10.406067	10.775117	10.397328	9.475042	8.149556	6.297569	4.022867	1.96992	0.661061	0.115069	0	0	0	0	0	0
-42.46733333	-71.09718333	3.988		0	0	0	0	0	0	0	0	0	0.308133	0.760503	1.132992	1.611886	2.171115	2.873458	4.040659	5.854537	8.232905	10.603255	12.075932	11.903799	10.027406	7.365186	5.150719	4.103345	3.984432	3.783854	2.715522	1.187025	0.113335	0	0	0	0	0
-42.78000000	-71.68000000	1.994		0	0	0	0	0	0	0	0	0	0.094956	0.29092	0.393716	0.460896	0.455776	0.401919	0.436955	0.726282	1.4185	2.671878	4.851535	8.534439	13.677339	18.445438	19.576199	15.443837	8.385047	2.72784	0.42934	0.200818	0.267621	0.108749	0	0	0	0
-42.50938333	-70.55873333	0.3988		0	0	0	0	0	0	0	0	0	0.399369	0.880591	1.272902	1.795713	2.398666	3.08807	4.201903	6.044103	8.670692	11.448078	13.170822	12.831162	10.544123	7.68458	5.445225	3.845304	2.477581	1.467554	0.989152	0.750906	0.445136	0.139571	0.0088	0	0	0
-42.60895000	-71.07975000	3.4895		0	0	0	0	0	0	0	0	0	0.321328	0.78961	1.176351	1.678051	2.28397	3.055085	4.28407	6.098224	8.363671	10.477711	11.607159	11.149439	9.184112	6.734648	5.079867	4.744002	5.017327	4.53092	2.744979	0.679477	0	0	0	0	0	0
-43.15485000	-70.10713333	0.4985		0	0	0	0	0	0	0	0	0	0.167009	0.515144	0.722474	0.959722	1.20756	1.510372	2.069468	3.026541	4.43427	6.220472	8.317981	10.708536	13.119235	14.6487	13.894618	10.341838	5.518996	1.95647	0.533486	0.127108	0	0	0	0	0	0
-42.72298333	-71.72936667	0.997		0	0	0	0	0	0	0	0	0	0.117004	0.376178	0.535988	0.705213	0.860764	1.035377	1.37732	1.990948	2.922121	4.183639	5.919318	8.386299	11.400094	13.672678	13.199991	9.535047	5.264101	3.653697	4.63711	5.252605	3.735762	1.21441	0.024339	0	0	0
-42.68251667	-71.02788333	2.991		0	0	0	0	0	0	0	0	0	0.192255	0.582044	0.804567	1.063539	1.360752	1.774505	2.55029	3.867897	5.787018	8.081229	10.229304	11.554921	11.56616	10.453298	8.916714	7.532322	6.213443	4.511506	2.428441	0.529793	0	0	0	0	0	0
-42.24563333	-70.61745000	0.4985		0	0	0	0	0	0	0	0	0	0.284891	0.503869	0.61449	0.761321	0.941059	1.115442	1.359732	1.912607	3.323211	6.163121	10.296665	14.369929	16.407409	15.390172	11.917485	7.581475	3.951838	1.845309	0.91475	0.345226	0	0	0	0	0	0
-42.77571667	-71.11796667	2.991		0	0	0	0	0	0	0	0	0	0.140746	0.502976	0.856409	1.373501	2.03529	2.832701	3.967524	5.553643	7.555204	9.558006	10.866275	10.786645	9.151777	6.900071	5.488907	5.648099	6.5157	6.068865	3.539198	0.658463	0	0	0	0	0	0
-42.56206667	-71.61588333	0.997		0	0	0	0	0	0	0	0	0	0.127559	0.406867	0.559371	0.69914	0.833943	1.061393	1.565351	2.39399	3.455478	4.681177	6.337994	8.931021	12.409777	15.381415	15.560042	12.082053	6.94584	3.189353	1.684283	1.116809	0.51709	0.060052	0	0	0	0
-42.13175000	-70.68028333	0.3988		0	0	0	0	0	0	0	0	0	0.330806	0.696088	0.974658	1.347614	1.760739	2.188332	2.902473	4.284747	6.66417	9.785781	12.567395	13.665463	12.552239	10.029884	7.220457	4.687759	2.778829	1.874509	1.65454	1.337302	0.625625	0.07059	0	0	0	0
-42.91605000	-71.16676667	3.4895		0	0	0	0	0	0	0	0	0	0.19295	0.652247	0.976105	1.368022	1.808391	2.357699	3.275952	4.710682	6.632666	8.727123	10.582462	11.866658	12.299413	11.62255	9.579033	6.504505	3.580772	1.832627	1.038433	0.39171	0	0	0	0	0	0
-42.50563333	-71.47281667	1.4955		0	0	0	0	0	0	0	0	0	0.137696	0.433521	0.618379	0.834015	1.060375	1.33178	1.822728	2.658281	3.869904	5.371242	7.109876	9.085438	11.025805	12.126235	11.387923	8.930287	6.453855	5.374552	4.881451	3.531269	1.584893	0.319473	0.05102	0	0	0
-42.94858333	-71.21788333	3.988		0	0	0	0	0	0	0	0	0	0.124507	0.410225	0.599252	0.813197	1.024947	1.250937	1.620719	2.220577	3.125507	4.425794	6.304081	8.8992	11.860848	14.073789	14.098074	11.586164	7.931793	4.910961	2.913027	1.450534	0.355867	0	0	0	0	0
-42.40241667	-71.37028333	0.997		0	0	0	0	0	0	0	0	0	0.016267	0.197599	0.24977	0.286677	0.315016	0.388899	0.55688	0.746429	0.857783	1.086112	2.194563	5.048773	9.410296	13.355379	14.645622	13.220214	11.333613	10.349673	8.771153	5.369562	1.599721	0	0	0	0	0
-42.13708333	-70.84008333	0.5982		0	0	0	0	0	0	0	0	0	0.301149	0.653628	0.90786	1.212535	1.528526	1.907288	2.695548	4.268836	6.77788	9.710099	11.971905	12.623547	11.576109	9.579933	7.315805	5.103872	3.401097	2.723747	2.664965	2.166086	0.881391	0.028194	0	0	0	0
-42.84730000	-70.61183333	0.997		0	0	0	0	0	0	0	0	0	0.160502	0.496959	0.703847	0.951201	1.219521	1.523721	2.012343	2.818202	4.100674	5.951802	8.279303	10.685649	12.550089	13.377594	12.739374	10.317085	6.54272	2.945392	0.892878	0.38001	0.467232	0.481955	0.313299	0.088648	0	0
-43.64393333	-70.09688333	0.74775		0	0	0	0	0	0	0	0	0	0.171217	0.504015	0.705022	0.95923	1.238874	1.55227	2.06099	2.881863	4.04758	5.45693	7.070537	9.034216	11.352619	13.317802	13.396435	10.723344	6.595197	3.399105	1.985916	1.522091	1.12387	0.601893	0.227399	0.071585	0	0
-43.57261667	-70.36051667	0.4985		0	0	0	0	0	0	0	0	0	0.238177	0.446052	0.548522	0.673435	0.821271	0.939044	1.045788	1.359254	2.513011	5.243766	9.504514	13.870811	16.254708	15.564447	12.293912	8.000333	4.549079	2.912575	2.161523	1.0496	0.010176	0	0	0	0	0
-43.46700000	-70.84485000	0.997		0	0	0	0	0	0	0	0	0	0.302964	0.679882	0.982469	1.400625	1.938814	2.587503	3.464905	4.590037	5.967706	7.523207	9.164794	10.744697	11.92841	12.182143	10.786168	7.593856	3.872865	1.519596	0.95637	1.012556	0.68462	0.115814	0	0	0	0
-43.01443333	-71.20175000	12.961		0	0	0	0	0	0	0	0	0	0.202079	0.675706	1.04221	1.53239	2.107282	2.724449	3.488955	4.41731	5.564585	6.993404	8.754924	10.59595	11.765322	11.555951	9.938414	7.603785	5.28882	3.325924	1.742959	0.634041	0.045538	0	0	0	0	0
-42.99356667	-70.75728333	1.994		0	0	0	0	0	0	0	0	0	0.173384	0.566784	0.830408	1.144241	1.494405	1.942836	2.709103	3.886084	5.406662	7.030322	8.585729	10.087217	11.46236	12.262545	11.72193	9.540907	6.347671	3.324747	1.279895	0.20277	0	0	0	0	0	0
-43.03473333	-70.58798333	1.4955		0	0	0	0	0	0	0	0	0	0.205652	0.674321	1.01134	1.443429	1.926806	2.453201	3.240718	4.490676	6.329905	8.551541	10.618424	11.903657	12.030568	11.112205	9.378476	7.010092	4.410925	2.244152	0.860167	0.103746	0	0	0	0	0	0
-43.07910000	-70.41551667	0.8973		0	0	0	0	0	0	0	0	0	0.209235	0.677997	1.013538	1.435947	1.886512	2.359039	3.086653	4.277205	6.051214	8.230113	10.376275	11.970686	12.591399	12.072865	10.295771	7.347734	3.997213	1.492393	0.377678	0.143541	0.087834	0.019156	0	0	0	0
-43.07491667	-70.23496667	0.5982		0	0	0	0	0	0	0	0	0	0.220306	0.739366	1.152657	1.69996	2.302296	2.89197	3.629022	4.618017	5.920517	7.431503	9.025992	10.655016	12.126759	12.721429	11.218323	7.459577	3.442276	1.288546	0.855345	0.585983	0.015139	0	0	0	0	0
-43.08861667	-69.90181667	0.5982		0	0	0	0	0	0	0	0	0	0.151462	0.434234	0.56007	0.673683	0.781241	0.924136	1.19347	1.65726	2.541223	4.342809	7.578801	11.989369	15.869408	16.798797	13.625295	8.011224	3.354094	1.781645	2.316781	2.672351	1.900841	0.738788	0.103018	0	0	0
-42.96008333	-70.64201667	1.994		0	0	0	0	0	0	0	0	0	0.16874	0.541962	0.783742	1.068248	1.376893	1.742502	2.337072	3.265677	4.61142	6.413483	8.660084	11.099407	13.026343	13.554715	12.160834	9.194772	5.715101	2.84999	1.097772	0.323242	0.008003	0	0	0	0	0
-42.65620000	-70.41920000	0.7976		0	0	0	0	0	0	0	0	0	0.281951	0.527224	0.678704	0.882621	1.148446	1.497249	2.078632	3.004619	4.327604	5.959607	7.734154	9.450294	10.859902	11.710167	11.534027	9.826923	6.811249	3.831916	2.064269	1.28433	0.753052	1.135359	1.618729	0.99897	0	0
-43.11353333	-71.46028333	12.961		0	0	0	0	0	0	0	0	0	0.110537	0.304046	0.387088	0.460794	0.532649	0.629489	0.797792	1.033654	1.414781	2.279625	4.23066	7.636978	11.916188	15.493615	16.654058	14.763978	10.724106	6.318117	2.921078	0.997052	0.2514	0.101795	0.04052	0	0	0
-43.16633333	-71.49485000	15.4535		0	0	0	0	0	0	0	0	0	0.17546	0.572863	0.869622	1.280279	1.771251	2.296426	2.964306	3.84836	5.030565	6.480701	8.059689	9.562189	10.811535	11.683314	11.680282	10.096847	7.016706	3.691617	1.354166	0.27655	0.104447	0.152146	0.146752	0.073927	0	0
-43.19856667	-71.58293333	11.964		0	0	0	0	0	0	0	0	0	0.312313	0.705084	1.042724	1.507358	2.052473	2.621017	3.345268	4.306705	5.576212	7.102885	8.748874	10.329121	11.618793	12.251295	11.351824	8.309756	4.302944	1.595282	0.847815	1.010446	0.870063	0.19175	0	0	0	0
-43.17733333	-71.68795000	14.955		0	0	0	0	0	0	0	0	0	0.298209	0.714586	1.087371	1.58964	2.163837	2.741382	3.443868	4.347851	5.549903	7.032939	8.606776	9.875915	10.483656	10.548756	10.23994	9.131224	6.733	3.669404	1.297191	0.241128	0.096644	0.093066	0.013714	0	0	0
-43.17381667	-71.75250000	17.4475		0	0	0	0	0	0	0	0	0	0.226039	0.561086	0.805807	1.125787	1.471115	1.804577	2.299964	3.205634	4.761381	6.848813	8.87978	10.178119	10.604687	10.764971	11.021989	10.597618	8.387679	4.788574	1.606409	0.059972	0	0	0	0	0	0
-43.17316667	-71.75091667	17.4475		0	0	0	0	0	0	0	0	0	0.298119	0.687039	1.020946	1.47144	2.000995	2.565804	3.298318	4.290541	5.628703	7.192202	8.614717	9.454052	9.61343	9.591088	9.680528	9.214554	7.341852	4.510295	2.132096	0.896133	0.42438	0.072767	0	0	0	0
-43.15483333	-71.39795000	10.967		0	0	0	0	0	0	0	0	0	0.302561	0.703282	1.040651	1.491726	2.027025	2.632449	3.469391	4.593489	5.989255	7.498454	8.918178	10.046067	10.71782	10.895552	10.366399	8.723722	5.999459	3.139368	1.17589	0.269263	0	0	0	0	0	0
-43.22386667	-71.42351667	8.973		0	0	0	0	0	0	0	0	0	0.163722	0.463492	0.623317	0.826687	1.058588	1.306305	1.652019	2.179229	3.083305	4.645574	7.052536	10.104691	13.124767	15.176095	15.132512	12.260705	7.384085	2.920425	0.583047	0.077143	0.110623	0.071132	0	0	0	0
-43.30400000	-71.43561667	4.985		0	0	0	0	0	0	0	0	0	0.184433	0.556033	0.794509	1.118164	1.521063	1.996757	2.638187	3.44705	4.430855	5.6231	7.166849	9.213482	11.614945	13.608124	13.708311	10.900806	6.302753	2.606642	1.116499	0.858916	0.538716	0.053807	0	0	0	0
-42.96845000	-71.39425000	11.964		0	0	0	0	0	0	0	0	0	0.132193	0.396012	0.544066	0.704989	0.88246	1.121603	1.502701	1.948411	2.328719	2.807797	4.234274	7.601415	12.412626	15.915471	15.308732	11.159292	6.903482	4.845225	4.101623	3.039505	1.580878	0.493839	0.034687	0	0	0
-43.00508333	-71.48786667	5.982		0	0	0	0	0	0	0	0	0	0.183281	0.618603	0.951458	1.389303	1.90074	2.456602	3.168506	4.07107	5.197246	6.505668	7.948555	9.494229	11.040196	12.212925	12.062473	9.798898	6.106183	2.902189	1.223056	0.584197	0.184621	0	0	0	0	0
-42.96955000	-71.58353333	6.979		0	0	0	0	0	0	0	0	0	0.133593	0.470006	0.738339	1.089855	1.48635	1.894215	2.399346	3.025494	3.809778	4.817667	6.222363	8.153849	10.326248	11.870768	11.679607	9.523714	6.713496	4.980668	4.402934	3.660462	2.124797	0.476448	0	0	0	0
-42.89255000	-71.60173333	3.988		0	0	0	0	0	0	0	0	0.005109	0.360128	0.696834	0.924247	1.223546	1.590838	2.016535	2.631992	3.519078	4.717392	6.202965	8.162297	11.012671	14.516229	16.705626	14.758046	8.650674	2.305792	0	0	0	0	0	0	0	0	0
-42.92923333	-71.35488333	7.4775		0	0	0	0	0	0	0	0	0	0.307072	1.01783	1.72781	2.713764	3.850453	4.938593	6.037219	7.065757	7.976326	8.666956	9.079769	9.070669	8.38148	7.01421	5.410156	4.337524	4.127972	3.998793	2.971871	1.292744	0.013033	0	0	0	0	0
-43.03210000	-71.44161667	4.4865		0	0	0	0	0	0	0	0	0	0.129584	0.4184	0.603871	0.813663	1.021006	1.247042	1.647815	2.369603	3.550727	5.225213	7.258558	9.332973	11.031327	12.008964	11.877352	10.390522	7.983334	5.656441	3.853903	2.334484	1.036446	0.208774	0	0	0	0
-42.91363333	-71.32440000	14.955		0	0	0	0	0	0	0	0	0	0.121627	0.399319	0.581933	0.782398	0.9731	1.170776	1.50875	2.092812	2.995553	4.232422	5.870321	8.044235	10.675881	13.107979	14.040571	12.507503	9.002891	5.181805	2.339216	0.916419	0.703544	1.054172	1.109834	0.586939	0	0
-43.01505000	-71.04333333	5.4835		0	0	0	0	0	0	0	0	0	0.24784	0.899712	1.478178	2.278192	3.224814	4.225921	5.408973	6.712934	7.991441	8.981646	9.563373	9.771703	9.606608	8.975948	7.661592	5.727029	3.715947	2.150576	1.053233	0.318621	0.005719	0	0	0	0	0
-43.13383333	-70.86005000	3.988		0	0	0	0	0	0	0	0	0	0.212128	0.73515	1.146267	1.673387	2.267507	2.92241	3.842619	5.115762	6.714774	8.386802	9.781641	10.584658	10.654369	10.163215	9.193354	7.540666	5.194836	2.772168	1.004088	0.094197	0	0	0	0	0	0
-43.32458333	-70.89635000	3.4895		0	0	0	0	0	0	0	0	0	0.120096	0.341871	0.444824	0.539284	0.589448	0.606575	0.73693	1.173172	2.105794	3.655636	5.924455	9.057338	12.934713	16.530114	17.693877	14.786186	8.877041	3.369225	0.513421	0	0	0	0	0	0	0
																																						
																																						
																																						
																																						
																																						
																																						
																																						
																																						
																																						
																																						
																																						
																																						
																																						
